3
16
1 0 0 0
2 6 0 0
3 6 4 0
4 0 4 0
5 0 0 3
6 6 0 3
7 6 4 3
8 0 4 3
9 2 1 0
10 4 1 0
11 4 3 0
12 2 3 0
13 2 1 3
14 4 1 3
15 4 3 3
16 2 3 3
24
1 1 2
2 2 3
3 3 4
4 4 1
5 1 5
6 2 6
7 3 7
8 4 8
9 5 6
10 6 7
11 7 8
12 8 5
13 9 10
14 10 11
15 11 12
16 12 9
17 13 14
18 14 15
19 15 16
20 16 13
21 9 13
22 10 14
23 11 15
24 12 16
12
1 4 1 4 3 2 
2 4 4 5 12 8 
3 4 1 6 9 5 
4 4 2 6 10 7 
5 4 3 7 11 8 
6 4 9 12 11 10 
7 4 13 16 15 14 
8 4 16 21 20 24 
9 4 13 22 17 21 
10 4 14 22 18 23 
11 4 15 23 19 24 
12 4 17 20 19 18 
