2
0
16
1 0 0
2 6 0
3 6 4
4 0 4
5 0 0
6 6 0
7 6 4
8 0 4
9 2 1
10 4 1
11 4 3
12 2 3
13 2 1
14 4 1
15 4 3
16 2 3
24
1 1 2 0
2 2 3 1
3 3 4 0
4 4 1 1
5 1 5 0
6 2 6 0
7 3 7 0
8 4 8 0
9 5 6 0
10 6 7 1
11 7 8 0
12 8 5 1
13 9 10 1
14 10 11 1
15 11 12 1
16 12 9 1
17 13 14 1
18 14 15 1
19 15 16 1
20 16 13 1
21 9 13 0
22 10 14 0
23 11 15 0
24 12 16 0
1
16
1 0 0
2 6 0
3 6 0
4 0 0
5 0 3
6 6 3
7 6 3
8 0 3
9 2 0
10 4 0
11 4 0
12 2 0
13 2 3
14 4 3
15 4 3
16 2 3
24
1 1 2 0
2 2 3 0
3 3 4 0
4 4 1 0
5 1 5 0
6 2 6 0
7 3 7 0
8 4 8 0
9 5 6 0
10 6 7 0
11 7 8 0
12 8 5 0
13 9 10 0
14 10 11 0
15 11 12 0
16 12 9 0
17 13 14 0
18 14 15 0
19 15 16 0
20 16 13 0
21 9 13 0
22 10 14 0
23 11 15 0
24 12 16 0
2
16
1 0 0
2 0 0
3 4 0
4 4 0
5 0 3
6 0 3
7 4 3
8 4 3
9 1 0
10 1 0
11 3 0
12 3 0
13 1 3
14 1 3
15 3 3
16 3 3
24
1 1 2 0
2 2 3 0
3 3 4 0
4 4 1 0
5 1 5 0
6 2 6 0
7 3 7 0
8 4 8 0
9 5 6 0
10 6 7 0
11 7 8 0
12 8 5 0
13 9 10 0
14 10 11 0
15 11 12 0
16 12 9 0
17 13 14 0
18 14 15 0
19 15 16 0
20 16 13 0
21 9 13 0
22 10 14 0
23 11 15 0
24 12 16 0
