16
3 0
-0 0
3 -0
3 -1.31134e-07
-3 -1.31134e-07
3 -3
0 -1.31134e-07
-3 -1.31134e-07
0 -3
0 0
-0 0
0 -0
0 -3
1.31134e-07 -3
0 1.31134e-07
0 -3
-3 -3
0 -3
1 -3
-3 -3
1 -3
1 -3
1.31134e-07 -3
1 1.31134e-07
1 -2
8.74228e-08 -2
1 8.74228e-08
1 -2
-3 -2
1 -3
2 -2
-3 -2
2 -3
2 -2
8.74228e-08 -2
2 8.74228e-08
2 -1
4.37114e-08 -1
2 4.37114e-08
2 -1
-3 -1
2 -3
3 -1
-3 -1
3 -3
3 -1
4.37114e-08 -1
3 4.37114e-08
24
3 0 3 -1.31134e-07
3 -1.31134e-07 0 -1.31134e-07
0 -1.31134e-07 0 0
0 0 3 0
3 0 3 -1
3 -1 3 -1
3 -1.31134e-07 3 -1
2 -1 3 -1
2 -1 2 -1
2 -1 3 -1
2 -2 2 -1
2 -2 2 -2
2 -2 2 -1
1 -2 2 -2
1 -2 1 -2
1 -2 2 -2
1 -3 1 -2
1 -3 1 -3
1 -3 1 -2
0 -3 1 -3
0 -3 0 -3
0 -3 1 -3
0 0 0 -3
0 -1.31134e-07 0 -3
24
-0 0 -3 -1.31134e-07
-3 -1.31134e-07 -3 -1.31134e-07
-3 -1.31134e-07 -0 0
-0 0 -0 0
-0 0 4.37114e-08 -1
4.37114e-08 -1 -3 -1
-3 -1.31134e-07 -3 -1
4.37114e-08 -1 4.37114e-08 -1
4.37114e-08 -1 -3 -1
-3 -1 -3 -1
8.74228e-08 -2 4.37114e-08 -1
-3 -2 8.74228e-08 -2
-3 -2 -3 -1
8.74228e-08 -2 8.74228e-08 -2
8.74228e-08 -2 -3 -2
-3 -2 -3 -2
1.31134e-07 -3 8.74228e-08 -2
1.31134e-07 -3 -3 -3
-3 -3 -3 -2
1.31134e-07 -3 1.31134e-07 -3
1.31134e-07 -3 -3 -3
-3 -3 -3 -3
-0 0 1.31134e-07 -3
-3 -1.31134e-07 -3 -3
24
3 -0 3 -3
3 -3 0 -3
0 -3 0 -0
0 -0 3 -0
3 -0 3 4.37114e-08
3 4.37114e-08 3 -3
3 -3 3 -3
2 4.37114e-08 3 4.37114e-08
2 4.37114e-08 2 -3
2 -3 3 -3
2 8.74228e-08 2 4.37114e-08
2 -3 2 8.74228e-08
2 -3 2 -3
1 8.74228e-08 2 8.74228e-08
1 8.74228e-08 1 -3
1 -3 2 -3
1 1.31134e-07 1 8.74228e-08
1 1.31134e-07 1 -3
1 -3 1 -3
0 1.31134e-07 1 1.31134e-07
0 1.31134e-07 0 -3
0 -3 1 -3
0 -0 0 1.31134e-07
0 -3 0 -3
