2
0
20
1 0 0
2 10 0
3 10 0
4 9 0
5 1 0
6 0 0
7 0 5
8 10 5
9 10 5
10 9 5
11 1 5
12 0 5
13 0 1
14 1 1
15 1 3
16 0 3
17 9 2
18 10 2
19 10 4
20 9 4
34
1 1 2 1
2 2 3 0
3 3 4 0
4 4 5 1
5 5 6 0
6 6 1 0
7 7 8 1
8 8 9 0
9 9 10 0
10 10 11 1
11 11 12 0
12 12 7 0
13 10 20 1
14 5 11 1
15 4 10 1
16 9 19 0
17 1 7 0
18 2 8 0
19 6 13 0
20 5 14 1
21 13 14 0
22 13 16 0
23 14 15 1
24 16 15 0
25 16 12 0
26 15 11 1
27 4 17 1
28 3 18 0
29 17 18 0
30 17 20 1
31 18 19 0
32 20 19 0
33 6 3 1
34 12 9 1
1
20
1 0 0
2 10 0
3 10 2
4 9 2
5 1 2
6 0 2
7 0 0
8 10 0
9 10 2
10 9 2
11 1 2
12 0 2
13 0 5
14 1 5
15 1 5
16 0 5
17 9 8
18 10 8
19 10 8
20 9 8
34
1 1 2 0
2 2 3 0
3 3 4 0
4 4 5 0
5 5 6 0
6 6 1 0
7 7 8 0
8 8 9 0
9 9 10 0
10 10 11 0
11 11 12 0
12 12 7 0
13 10 20 0
14 5 11 0
15 4 10 0
16 9 19 0
17 1 7 0
18 2 8 0
19 6 13 0
20 5 14 0
21 13 14 0
22 13 16 0
23 14 15 0
24 16 15 0
25 16 12 0
26 15 11 0
27 4 17 0
28 3 18 0
29 17 18 0
30 17 20 0
31 18 19 0
32 20 19 0
33 6 3 0
34 12 9 0
2
24
1 0 0
2 0 0
3 0 2
4 0 2
5 0 2
6 0 2
7 5 0
8 5 0
9 5 2
10 5 2
11 5 2
12 5 2
13 1 5
14 1 5
15 3 5
16 3 5
17 2 8
18 2 8
19 4 8
20 4 8
21 0.666667 0
22 0.666667 0
23 0.666667 0
24 0.666667 0
66
1 1 2 0
2 2 3 0
3 3 4 0
4 4 5 0
5 5 6 0
6 6 1 0
7 7 8 0
8 8 9 0
9 9 10 0
10 10 11 0
11 11 12 0
12 12 7 0
13 10 20 0
14 5 11 0
15 4 10 0
16 9 19 0
17 1 7 0
18 2 8 0
19 6 13 0
20 5 14 0
21 13 14 0
22 13 16 0
23 14 15 0
24 16 15 0
25 16 12 0
26 15 11 0
27 4 17 0
28 3 18 0
29 17 18 0
30 17 20 0
31 18 19 0
32 20 19 0
33 6 3 0
34 12 9 0
35 1 21 0
36 21 7 0
37 6 21 0
38 21 13 0
39 1 21 0
40 21 7 0
41 6 22 0
42 22 13 0
43 1 22 0
44 22 7 0
45 5 22 0
46 22 14 0
47 1 23 0
48 23 7 0
49 5 24 0
50 24 14 0
51 1 23 0
52 23 7 0
53 4 23 0
54 23 17 0
55 1 25 0
56 25 7 0
57 4 26 0
58 26 17 0
59 1 24 0
60 24 7 0
61 3 24 0
62 24 18 0
63 1 27 0
64 27 7 0
65 3 28 0
66 28 18 0
